24.81
19.98
17.33
16.88
19.07
20.42
33.04
43.88
58.93
94.05
50.31
28.63
23.07
17.04
19.19
17.60
15.27
16.52
22.06
45.61
67.25
105.79
71.78
54.23
27.51
28.41
17.67
15.74
14.90
14.31
21.62
82.24
56.13
78.77
46.02
24.70
31.46
30.35
23.97
20.36
20.75
22.64
32.78
60.37
60.94
81.02
52.27
22.21
22.23
25.28
26.56
27.35
22.35
20.04
24.74
48.11
59.14
95.86
54.19
26.70
22.34
23.57
18.98
27.51
23.80
26.44
44.55
60.45
70.11
133.21
71.42
43.61
36.00
28.89
28.42
30.79
22.51
25.12
44.72
53.33
70.57
88.46
52.47
34.67
33.26
26.25
19.44
19.66
19.21
19.86
32.51
54.60
67.48
92.31
63.10
34.95
27.61
25.27
22.10
20.30
15.47
14.83
20.14
37.15
42.73
98.76
64.85
33.93
19.02
19.79
16.73
11.89
10.88
13.36
19.90
35.52
48.98
87.48
52.33
27.27
27.35
32.45
24.98
19.50
16.27
17.13
27.79
52.50
68.99
101.20
52.74
26.39
21.99
17.76
15.89
15.85
17.16
18.92
41.24
60.35
69.00
107.98
77.10
27.29
22.47
25.58
26.73
22.63
18.33
18.13
24.46
39.02
58.03
102.10
70.50
21.47